0 83.847 0.124578 0 
1 82.5061 0.146014 0 
2 82.7002 0.120519 0 
3 72.6279 0.141217 0 
4 62.6779 0.151047 0 
5 50.2794 0.155323 0 
6 41.4808 0.088076 0 
7 31.3754 0.073522 0 
8 25.6522 0.108197 0 
9 22.5915 0.163888 0 
10 23.2862 0.158719 0 
11 19.9728 0.206871 0 
12 20.755 0.288804 0 
13 16.0035 0.33234 0 
14 14.3371 0.339999 0 
15 9.35724 0.40559 1 
16 7.7151 0.84571 1 
17 20.8132 0.503124 0 
18 12.1288 0.00387789 1 
19 5.99612 0.00343601 1 
20 48.5887 0.002922 1 
21 45.3136 0.0269101 1 
22 40.555 0.00090958 1 
23 36.7648 0.0187289 1 
24 30.1678 0.0234133 1 
25 27.2982 0.0274428 1 
26 23.3332 0.00113856 1 
27 31.8649 0.000806377 1 
28 28.7563 0.000962791 1 
29 27.5512 0.000923742 1 
30 27.3405 0.00104127 1 
31 27.1261 0.00105918 1 
32 25.0106 0.00130767 1 
33 25.1551 0.00144222 1 
34 23.7619 0.00108418 1 
35 20.9908 0.00171672 1 
36 17.8052 0.00236973 1 
37 12.1433 0.00218639 1 
38 10.0754 0.00498049 1 
39 5.78235 0.00052192 1 
40 38.3515 0.0124048 1 
41 29.1094 0.0180757 1 
42 23.5941 0.0210265 1 
43 16.069 0.0176238 1 
44 20.7388 0.0181428 1 
45 14.8875 0.0317025 1 
46 10.738 0.0290808 1 
47 8.19061 0.00106387 1 
48 37.2379 0.23051 0 
49 27.8169 0.284345 0 
50 23.2859 0.322692 0 
51 18.1142 0.306925 0 
52 15.5038 0.499622 0 
53 10.987 0.397223 1 
54 11.7969 0.367046 1 
55 6.95998 0.22614 1 
56 7.50466 0.171661 1 
57 5.03335 0.0832022 1 
58 49.7336 0.376301 0 
59 41.1265 0.143982 0 
60 45.4126 0.153352 0 
61 40.8686 0.150578 0 
62 41.2472 0.156478 0 
63 35.3401 0.162367 0 
64 35.8852 0.18213 0 
65 27.2163 0.195685 0 
66 26.339 0.138269 0 
67 21.6248 0.0257419 1 
68 19.6523 0.00298448 1 
69 14.3636 0.00244248 1 
70 13.5304 0.00248898 1 
71 8.58378 0.00248661 1 
72 8.59523 0.00100682 1 
73 20.1982 0.0026927 1 
74 8.01988 0.0028804 1 
75 6.53775 0.0029715 1 
76 7.6592 0.00291346 1 
77 7.50462 0.00296201 1 
78 8.28661 0.00302786 1 
79 7.64405 0.310407 1 
80 7.00452 0.0021582 1 
81 10.106 0.00110048 1 
82 8.72547 0.00877957 1 
83 5.5102 0.002023 1 
0 65.4829 0.600777 0 
1 63.9141 0.640979 0 
2 51.6895 0.683192 0 
3 51.6369 0.679456 0 
4 41.0664 0.783566 0 
5 35.8986 0.868948 0 
6 28.0319 0.871971 0 
7 25.407 0.612972 0 
8 18.5259 0.121364 0 
9 18.8791 0.373941 0 
10 10.6756 0.0352737 1 
11 17.8474 0.00563517 1 
12 17.2432 0.00469875 1 
13 19.1516 0.122686 0 
14 17.2369 0.307952 0 
15 15.9012 0.321002 0 
16 14.965 0.331753 0 
17 12.4039 0.34078 1 
18 10.6172 0.353647 1 
19 8.73726 0.382478 1 
20 8.94893 0.518759 1 
21 6.8729 0.629746 1 
22 23.5618 0.175324 0 
23 25.2903 0.0720464 0 
24 27.0055 0.0128326 1 
25 28.8103 0.0688328 0 
26 37.3532 0.246933 0 
27 28.8966 0.0452369 1 
28 28.9894 0.094604 0 
29 18.7512 0.0475161 1 
30 15.1914 0.137644 0 
31 15.7289 0.0903784 1 
32 12.1724 0.108052 1 
33 16.4853 0.19982 0 
34 10.2017 0.0699522 1 
35 11.2468 0.128818 1 
36 39.7096 0.339274 0 
37 42.6254 0.365164 0 
38 31.1201 0.196829 0 
39 26.0847 0.197159 0 
40 18.7833 0.25154 0 
41 6.20645 0.0154111 1 
42 25.9462 0.00139121 1 
43 26.6704 0.0014098 1 
44 20.0174 0.00232218 1 
45 16.3569 0.00197762 1 
46 11.7106 0.00214251 1 
47 6.90603 0.00175535 1 
48 65.5229 0.13372 0 
49 72.8001 0.232205 0 
50 56.7959 0.195935 0 
51 52.7887 0.229638 0 
52 41.7076 0.0877271 0 
53 33.3497 0.00311291 1 
54 24.0268 0.00444783 1 
55 20.9683 0.00444137 1 
56 17.1737 0.00504152 1 
57 12.0788 0.00298133 1 
58 8.27609 0.000288144 1 
0 77.0246 0.241544 0 
1 71.264 0.282924 0 
2 59.7258 0.431674 0 
3 50.3658 0.204734 0 
4 36.372 0.35349 0 
5 31.5533 0.368787 0 
6 27.3148 0.450853 0 
7 23.0006 0.444232 0 
8 17.1727 0.28231 0 
9 13.2453 0.168333 0 
10 10.0917 0.109721 1 
11 6.09458 0 1 
12 14.5141 0.166853 0 
13 8.34428 0.085875 1 
14 6.72475 0.369935 1 
15 5.25252 0.349764 1 
16 44.5789 0.00390912 1 
17 37.1629 0.0343653 1 
18 28.7835 0.00873324 1 
19 30.4224 0.0352494 1 
20 22.5258 0.000662485 1 
21 19.6649 0.10147 0 
22 17.847 0.000568309 1 
23 16.5284 0.00782898 1 
24 11.9147 0.000517087 1 
25 12.7769 0.00201964 1 
26 13.5768 0.000516131 1 
27 7.37715 0.000598019 1 
28 7.64871 0.00390733 1 
29 35.1524 0.104549 0 
30 33.6737 0.0644091 0 
31 28.1411 0.0406643 1 
32 24.8496 0.0508484 0 
33 19.2554 0.0519651 1 
34 17.6362 0.0402711 1 
35 13.4229 0.00460693 1 
36 9.63282 0.0076986 1 
37 7.08497 0.00409539 1 
38 5.60801 0.00368115 1 
39 34.9524 0.267741 0 
40 25.7093 0.20749 0 
41 19.4144 0.0892608 1 
42 15.1344 0.0370054 1 
43 8.9288 0.0031851 1 
44 7.92652 0.0316904 1 
45 7.84699 0.0134609 1 
46 5.51191 0.00587164 1 
47 51.3054 0.0660527 0 
48 42.4669 0.00195116 1 
49 45.888 0.0179468 1 
50 37.9467 0.0178541 1 
0 65.7417 0.378955 0 
1 59.6835 0.264375 0 
2 46.1645 0.213513 0 
3 41.2653 0.120359 0 
4 35.0715 0.138389 0 
5 28.5579 0.147346 0 
6 25.7207 0.0619362 0 
7 23.3373 0.0557229 0 
8 18.4853 0.0458451 1 
9 16.3639 0.0513902 1 
10 12.7941 0.00535288 1 
11 9.84268 0.00915014 1 
12 8.38981 0.00178917 1 
13 6.74962 0.00182866 1 
14 5.24649 0.00225657 1 
15 29.545 0.621782 0 
16 22.7216 0.779479 0 
17 18.2418 0.656277 0 
18 10.9584 0.45303 1 
19 8.29472 0.00619546 1 
20 9.65102 0.205465 1 
21 54.0537 0.247884 0 
22 58.0786 0.246706 0 
23 43.7265 0.193318 0 
24 48.1044 0.0820677 0 
25 40.3144 0.0846885 0 
26 41.5887 0.141911 0 
27 37.0589 0.0499431 1 
28 33.9889 0.0683826 0 
29 28.0648 0.0551037 0 
30 26.8128 0.0430319 1 
31 19.8558 0.00888154 1 
32 21.0742 0.00928676 1 
33 14.5664 0.00674662 1 
34 12.9787 0.00170443 1 
35 7.53746 0.024057 1 
36 7.44152 0.000781486 1 
37 13.8389 0.000515102 1 
38 25.8239 0.10429 0 
39 25.5676 0.0843167 0 
40 25.4355 0.14784 0 
41 22.9488 0.000575613 1 
42 21.291 0.141859 0 
43 21.1508 0.000832211 1 
44 19.8334 0.044391 1 
45 18.1997 0.0030297 1 
46 15.725 0.0011574 1 
47 13.6628 0.0053227 1 
48 11.5805 0.00340064 1 
49 12.1651 0.000420595 1 
0 83.3582 0.180591 0 
1 77.2677 0.198028 0 
2 74.1669 0.195706 0 
3 66.3006 0.213168 0 
4 59.9848 0.184523 0 
5 54.1639 0.283844 0 
6 47.3241 0.183116 0 
7 43.5303 0.237016 0 
8 40.7036 0.156647 0 
9 37.6059 0.206789 0 
10 33.413 0.11115 0 
11 23.6156 0.0402842 1 
12 22.7947 0.102782 0 
13 12.5069 0.00207066 1 
14 18.4252 0.0222702 1 
15 10.2939 0.00214734 1 
16 9.10905 0.00417039 1 
17 36.1874 0.00105091 1 
18 31.4763 0.205371 0 
19 23.8334 0.285466 0 
20 19.2199 0.370524 0 
21 17.6331 0.32755 0 
22 12.7428 0.613138 1 
23 10.2439 0.277868 1 
24 8.26903 0.756445 1 
25 6.41406 0.0949089 1 
26 5.20804 0.208555 1 
27 42.2197 0.454472 0 
28 42.4403 0.495892 0 
29 36.2941 0.362971 0 
30 34.7896 0.348443 0 
31 33.994 0.35988 0 
32 30.9523 0.264579 0 
33 29.1818 0.346691 0 
34 28.5653 0.34511 0 
35 22.0964 0.220544 0 
36 21.1884 0.0554726 0 
37 18.1916 0.00722883 1 
38 16.7207 0.0389141 1 
39 13.76 0.0346246 1 
40 10.1831 0.0079891 1 
41 10.8954 0.00798848 1 
42 5.30354 0.00729147 1 
43 17.3828 0.00265944 1 
44 15.882 0.0875877 1 
45 14.2246 0.0628668 1 
46 12.9427 0.202204 1 
47 10.4415 0.158826 1 
48 12.0593 0.084308 1 
49 10.0319 0.0929114 1 
50 8.26696 0.105802 1 
51 5.87092 0.237714 1 
52 5.59679 0.248199 1 
53 39.1117 0.246248 0 
54 23.9893 0.280849 0 
55 20.7765 0.131833 0 
56 25.7051 0.0169555 1 
57 26.1071 0.0124062 1 
58 33.7125 0.102374 0 
59 37.4906 0.144063 0 
60 28.4701 0.0959263 0 
61 20.234 0.171893 0 
62 18.5476 0.172079 0 
63 13.8608 0.170834 0 
64 15.0538 0.101749 0 
65 9.78201 0.110555 1 
66 14.2661 0.190011 0 
67 8.85381 0.00137098 1 
68 55.8525 0.596308 0 
69 48.6355 0.569722 0 
70 46.4924 0.573971 0 
71 34.012 0.447081 0 
72 26.6395 0.282281 0 
73 12.859 0.233381 1 
74 24.231 0.122233 0 
75 20.5398 0.164021 0 
76 16.5963 0.150505 0 
77 10.9116 0.00690167 1 
78 9.8635 0.00700859 1 
79 6.38131 0.00454689 1 
80 76.513 0.540454 0 
81 74.4319 0.683064 0 
82 58.9087 0.859073 0 
83 53.7907 0.79761 0 
84 46.9373 0.590652 0 
85 40.7309 0.231056 0 
86 30.3919 0.215338 0 
87 25.0018 0.158973 0 
88 24.1488 0.139983 0 
89 19.2441 0.0947119 1 
90 14.8173 0.0591679 1 
91 11.2435 0.00244925 1 
92 8.93448 0.00234855 1 
93 5.66218 0 1 
94 4.18506 0.000427745 1 
95 56.0045 0.26743 0 
96 46.478 0.259208 0 
97 43.1565 0.265352 0 
98 27.5821 0.294769 0 
99 20.1732 0.256405 0 
100 18.3839 0.270706 0 
101 18.7083 0.310411 0 
102 15.7603 0.029364 1 
103 11.9014 0.00182597 1 
104 11.2408 0.00182133 1 
105 11.8422 0.00182895 1 
106 9.07533 0.00186282 1 
107 35.118 0.699233 0 
108 33.7914 0.530511 0 
109 27.7369 0.558285 0 
110 25.6935 0.540722 0 
111 19.9191 0.0786183 1 
112 15.1332 0.038023 1 
113 16.3351 0.00395118 1 
114 12.7847 0.00386374 1 
115 19.3921 0.003508 1 
116 20.8861 0.172597 0 
117 12.0426 0.00437581 1 
118 13.1991 0.00345921 1 
119 8.68167 0.0032858 1 
120 21.9518 0.000980558 1 
121 27.2291 0.00111265 1 
122 28.5672 0.00142635 1 
123 26.242 0.00227216 1 
124 32.9688 0.0953243 0 
125 25.4833 0.00141739 1 
126 24.2294 0.05573 0 
127 22.5965 0.00177759 1 
128 19.1796 0.633571 0 
129 17.8512 0.00768206 1 
0 82.5293 0.35649 0 
1 75.103 0.280289 0 
2 67.64 0.283775 0 
3 57.4118 0.289903 0 
4 38.9899 0.178148 0 
5 22.2587 0.292001 0 
6 20.5308 0.0472787 1 
7 20.571 0.0419744 1 
8 23.6584 0.00907638 1 
9 24.2591 0.00902474 1 
10 32.0472 0.0491347 1 
11 27.2257 0.0613395 0 
12 24.2901 0.0579671 0 
13 13.8234 0.0581913 1 
14 8.94621 0.162093 1 
15 7.64872 0.0646499 1 
16 8.37643 0.0610637 1 
17 11.4019 0.106445 1 
18 7.17493 0.0736829 1 
19 24.2636 0.156396 0 
20 13.6247 0.206391 0 
21 22.0281 0.172971 0 
22 8.1013 0.00584547 1 
23 5.53346 0.00694593 1 
24 33.3666 0.0569033 0 
25 15.6352 0.00241503 1 
26 9.88203 0.00226477 1 
27 8.4755 0.00375209 1 
28 6.38243 0.00214877 1 
29 14.5611 0.00251732 1 
30 10.8633 0.00861786 1 
31 9.97941 0.00186809 1 
32 10.9259 0.00210359 1 
33 9.91383 0.00215054 1 
34 8.97738 0.00200725 1 
35 10.5517 0.00183569 1 
36 21.2702 0.00233038 1 
37 18.0405 0.00180536 1 
38 11.2668 0.010172 1 
39 9.96789 0.00736949 1 
0 83.1013 0.0210097 1 
1 71.5708 0.000223915 1 
2 61.151 0.0171904 1 
3 53.9546 0.0178646 1 
4 52.1352 0.00022535 1 
5 45.5902 0.00854498 1 
6 35.8425 0.0212456 1 
7 33.4566 0.0104865 1 
8 31.464 0.0262449 1 
9 30.1621 0.0173364 1 
10 29.9334 0.0221206 1 
11 28.1082 0.0263778 1 
12 25.6127 0.0318346 1 
13 22.2274 0.0381322 1 
14 21.2622 0.0455247 1 
15 17.5489 0.0518565 1 
16 18.0858 0.0654619 1 
17 13.6601 0.000319827 1 
18 12.1054 0.000400535 1 
19 14.1891 0.000337813 1 
20 7.57639 0.000862296 1 
21 14.3081 0.00125405 1 
22 7.58084 0.000450927 1 
23 42.0274 0.0164717 1 
24 35.017 0.0203307 1 
25 30.217 0.00265694 1 
26 19.4266 0.00388957 1 
27 14.4318 0.00214357 1 
28 9.47744 0.00836985 1 
29 8.25687 0.00764689 1 
30 36.2141 0.0082967 1 
31 24.9237 0.00891436 1 
32 17.7727 0.0126639 1 
33 15.4464 0.00315692 1 
34 12.5541 0.00254102 1 
35 11.5353 0.00337192 1 
36 10.1603 0.00177616 1 
37 8.78288 0.00147974 1 
38 7.24143 0.00176376 1 
39 6.31665 0.000751527 1 
40 8.29809 0.000640305 1 
41 7.84514 0.000537859 1 
42 6.97878 0.000792226 1 
43 7.33214 0.0012217 1 
44 24.0471 0.017187 1
0 76.875 0.125635 0 
1 75.1947 0.125471 0 
2 57.7133 0.118131 0 
3 59.9159 0.126888 0 
4 61.0503 0.116265 0 
5 51.2028 0.104456 0 
6 49.8117 0.119721 0 
7 47.241 0.139722 0 
8 39.5105 0.146635 0 
9 43.6731 0.0985382 0 
10 36.254 0.0935843 0 
11 27.4968 0.0504454 0 
12 22.0825 0.00178668 1 
13 24.2884 0.00152736 1 
14 21.5542 0.00130375 1 
15 18.264 0.00160621 1 
16 11.302 0.0014137 1 
17 18.8034 0.00115349 1 
18 19.1146 0.000380531 1 
19 21.2638 0.000406977 1 
20 16.6252 0.000250598 1 
0 51.7393 0.137671 0 
1 44.6042 0.0947456 0 
2 39.5825 0.127113 0 
3 35.3364 0.121335 0 
4 23.8074 0.0273072 1 
5 20.0409 0.0152964 1 
6 19.5984 0.0864882 1 
7 24.2989 0.1172 0 
8 17.9178 0.00205379 1 
9 17.5758 0.00363964 1 
10 16.8926 0.00257525 1 
11 18.4977 0.00263594 1 
12 13.9428 0.0456767 1 
13 15.9743 0.0428654 1 
14 18.1561 0.0432909 1 
15 18.0626 0.000528263 1 
16 17.9909 0.00045395 1 
17 17.1715 0.000446199 1 
18 16.86 0.000491569 1 
19 17.7327 0.000428891 1 
20 15.7501 0.000462112 1 
21 14.8983 0.000460383 1 
0 48.9031 0.513758 0 
1 47.8867 0.608913 0 
2 46.3138 0.697741 0 
3 40.1588 0.770907 0 
4 37.2888 0.886532 0 
5 34.8542 0.864921 0 
6 26.1264 0.735308 0 
7 22.8442 0.687523 0 
8 14.3499 0.263507 0 
9 15.7919 0.190313 0 
10 7.39221 0.140625 1 
11 9.61837 0.171265 1 
12 8.01369 0.154638 1 
13 7.13003 0.099491 1 
14 7.02564 0.0618249 1 
15 34.6028 0.271167 0 
16 21.7854 0.298536 0 
17 9.57403 0.283697 1 
18 6.26389 0.0071942 1 
19 9.72744 0.00497776 1 
20 13.1019 0.012108 1 
21 11.4059 0.0012348 1 
22 10.4255 0.124731 1 
23 7.89047 0.122266 1 
24 7.97896 0.00588972 1 
25 5.76699 0.169992 1 
26 10.733 0.000637409 1 
27 8.8645 0.000629334 1 
28 44.2241 0.00104567 1 
29 44.7979 0.000607527 1 
30 44.4396 0.000622383 1 
31 43.6967 0.000604487 1 
0 61.0761 0.0554169 0 
1 67.2003 0.0332655 1 
2 54.7586 0.0630436 0 
3 53.8992 0.032826 1 
4 53.4343 0.0330257 1 
5 52.116 0.025458 1 
6 61.0896 0.138162 0 
7 58.8713 0.113458 0 
8 59.0442 0.138584 0 
9 57.7616 0.134801 0 
10 57.0578 0.168259 0 
11 52.9508 0.144652 0 
12 56.0014 0.126838 0 
13 43.9339 0.177329 0 
14 56.9158 0.222575 0 
15 50.2225 0.168319 0 
16 49.8929 0.1308 0 
17 40.3816 0.0961706 0 
18 41.1976 0.00286759 1 
19 39.0423 0.00292886 1 
20 31.7564 0.00292884 1 
21 26.1889 0.00297375 1 
22 38.8524 0.0040637 1 
23 41.0584 0.00584531 1 
24 44.8969 0.0980596 0 
25 51.786 0.279996 0 
26 52.6341 0.0989754 0 
27 51.3582 0.166658 0 
28 51.3529 0.0942061 0 
29 40.3211 0.116779 0 
30 33.0876 0.141807 0 
31 32.8719 0.138948 0 
32 28.0915 0.176 0 
33 30.7662 0.224035 0 
34 33.5909 0.135846 0 
35 25.6488 0.289284 0 
36 24.3732 0.000275308 1 
37 12.7071 0.000325617 1 
38 14.029 0.000409425 1 
39 6.18055 0.000847258 1 
40 22.3228 0.0021105 1 
41 17.5036 0.0561076 1 
42 18.5707 0.138087 0 
43 14.1821 0.374645 0 
44 17.3042 0.166416 0 
45 18.615 0.0555442 1 
46 27.4935 0.0517539 0 
47 20.6352 0.316793 0 
48 12.3551 0.767526 1 
49 6.13324 0.390483 1 
50 6.34222 0.00369612 1 
51 58.8776 0.073658 0 
52 21.3339 0.00197385 1 
53 11.3467 0.00137855 1 
54 12.6566 0.00400107 1 
55 10.6026 0.00210494 1 
56 12.7121 0.00217462 1 
57 8.64118 0.00369548 1 
58 5.59649 0.00244776 1 
59 9.73783 0.00378315 1 
60 50.9267 0.00397404 1 
61 49.9459 0.00354559 1 
62 53.5849 0.00279978 1 
63 54.5305 0.00417012 1 
64 39.6972 0.00472103 1 
65 38.8081 0.00467792 1 
66 24.3182 0.00349549 1 
67 20.5335 0.00569103 1 
68 14.3338 0.00360305 1 
69 11.7746 0.000300333 1 
70 7.59342 0 1 
71 29.9953 0.00375147 1 
72 27.9218 0.266799 0 
73 25.5891 0.00877599 1 
74 12.363 0.0541599 1 
75 7.54501 0.000463599 1 
76 6.50828 0.0443398 1 
0 81.3307 0.0678825 0 
1 73.7956 0.0698901 0 
2 66.4533 0.067318 0 
3 64.7791 0.0635964 0 
4 58.9948 0.0839059 0 
5 59.0079 0.0966454 0 
6 54.4128 0.096247 0 
7 50.9073 0.133917 0 
8 44.8799 0.159035 0 
9 43.8054 0.134363 0 
10 36.7266 0.203221 0 
11 32.6632 0.20172 0 
12 28.2637 0.255423 0 
13 19.6139 0.320891 0 
14 16.3636 0.00042345 1 
15 12.9443 0.115511 1 
16 36.2526 0.00744799 1 
17 33.8205 0.0260844 1 
18 26.694 0.0335112 1 
19 22.2868 0.0426719 1 
20 19.081 0.0199553 1 
21 16.1965 0.00410546 1 
22 14.9454 0.00377094 1 
23 10.9975 0.00180099 1 
24 7.17857 0.00174049 1 
25 7.31884 0.0146655 1 
26 24.9289 0.226658 0 
27 27.9469 0.125315 0 
28 21.1081 0.116494 0 
29 17.8575 0.0355775 1 
30 17.7888 0.0386985 1 
31 13.0442 0.0853451 1 
32 9.83311 0.0633849 1 
33 16.2732 0.0956417 1 
34 12.324 0.0551687 1 
35 15.9636 0.306589 0 
36 13.8405 0.0025317 1 
37 15.3603 0.196916 0 
38 17.5358 0.195267 0 
39 19.5634 0.000773011 1 
40 20.3166 0.127543 0 
41 18.6468 0.0356705 1 
42 18.4976 0.0403952 1 
43 15.493 0.0373779 1 
44 19.1872 0.0353717 1 
45 23.2983 0.00091641 1 
46 21.8158 0.000812749 1 
47 24.111 0.00107642 1 
48 21.6427 0.0532894 0 
49 21.1999 0.0586054 0 
50 25.5367 0.00127974 1 
51 24.9 0.00123671 1 
0 84.313 0.257377 0 
1 91.0614 0.261858 0 
2 86.3082 0.256344 0 
3 90.259 0.236064 0 
4 83.223 0.266095 0 
5 78.4191 0.285558 0 
6 78.2831 0.176422 0 
7 73.7737 0.190407 0 
8 66.1353 0.162058 0 
9 55.8419 0.183801 0 
10 54.1408 0.197084 0 
11 39.9002 0.206432 0 
12 35.7951 0.207195 0 
13 32.1279 0.00764338 1 
14 33.335 0.159817 0 
15 30.0499 0.176961 0 
16 31.1602 0.232984 0 
17 30.9005 0.236061 0 
18 29.7953 0.240128 0 
19 27.7682 0.288435 0 
20 28.4863 0.307465 0 
21 30.2333 0.303431 0 
22 24.9669 0.34274 0 
23 28.3029 0.310888 0 
24 28.8683 0.309969 0 
25 27.32 0.29482 0 
26 26.3777 0.309266 0 
27 30.7528 0.288804 0 
28 25.3947 0.322266 0 
29 29.6068 0.335769 0 
30 23.1435 0.398488 0 
31 26.1485 0.432997 0 
32 17.9332 0.515989 0 
33 16.1913 0.00474541 1 
34 15.8857 0.30662 0 
35 12.3612 0.216768 1 
36 7.80349 0.188294 1 
37 29.9172 0.00647354 1 
38 30.9622 0.0518067 0 
39 25.4764 0.00421251 1 
40 20.2228 0.000170324 1 
41 16.3593 0.000293943 1 
42 16.5392 0.000170307 1 
43 15.8029 0.000341646 1 
44 13.546 0.000172521 1 
45 11.6992 0.000172518 1 
46 10.2012 0.000172129 1 
47 35.9232 0.000201649 1 
48 36.4958 0.000263958 1 
49 39.4412 0.000237268 1 
50 38.5238 0.00024959 1 
51 35.9122 0.000288473 1 
52 33.6557 0.000300303 1 
53 52.6245 0.000177813 1 
54 52.1617 0.0115987 1 
55 51.0028 0.00021033 1 
56 50.6084 0.000162774 1 
0 70.4356 0.0913074 0 
1 58.063 0.0456703 1 
2 53.7661 0.104472 0 
3 50.5929 0.0213573 1 
4 47.4925 0.0291057 1 
5 46.5439 0.0187789 1 
6 46.2047 0.0229252 1 
7 39.3641 0.0281954 1 
8 38.6349 0.0582709 0 
9 33.1523 0.0422161 1 
10 35.3826 0.000917466 1 
11 31.049 0.0422307 1 
12 28.9927 0.051401 0 
13 22.9408 0.000660365 1 
14 25.8737 0.000816567 1 
15 17.3764 0.550697 0 
16 27.1033 0.000699378 1 
17 15.2521 0.0405508 1 
18 21.3314 0.0373991 1 
19 23.0602 0.061565 0 
20 14.9662 0.000763061 1 
21 19.2834 0.00959233 1 
22 16.642 0.00914596 1 
23 14.2094 0.0101647 1 
24 12.6496 0.0100212 1 
25 8.78871 0.0022221 1 
26 7.43772 0.00221465 1 
27 41.3876 0.273623 0 
28 33.0361 0.350949 0 
29 27.3843 0.337871 0 
30 26.6959 0.30219 0 
31 26.6793 0.477198 0 
32 25.582 0.366582 0 
33 20.9403 0.64837 0 
34 20.9898 0.726068 0 
35 20.0853 0.7804 0 
36 17.4849 0.821019 0 
37 16.2851 0.320484 0 
38 15.5406 0.58989 0 
39 13.8198 0.412901 0 
40 13.5238 0.135769 0 
41 13.5207 0.135817 0 
42 11.3701 0.13496 1 
43 8.92963 0.0710419 1 
44 29.9846 0.209601 0 
45 23.6732 0.261283 0 
46 29.3048 0.261273 0 
47 27.803 0.211694 0 
48 22.5438 0.0333468 1 
49 22.4065 0.0368925 1 
50 18.4552 0.0466821 1 
51 17.7463 0.00542592 1 
52 19.6172 0.00420773 1 
53 19.2276 0.892823 0 
54 16.0384 0.00628146 1 
55 17.3944 0.083574 1 
56 23.069 0.00393281 1 
57 24.7271 0.00266634 1 
58 16.4504 0.00297102 1 
59 16.5414 0.00314075 1 
60 12.839 0.00405248 1 
61 17.7463 0.00348346 1 
62 19.6722 0.0585665 1 
63 21.1723 0.295666 0 
64 25.7935 0.0517108 0 
65 27.7244 0.101546 0 
66 27.4768 0.35342 0 
67 27.9523 0.0959321 0 
68 29.5005 0.0757015 0 
69 30.5873 0.421118 0 
70 28.9721 0.141456 0 
71 26.2246 0.185036 0 
72 31.3028 0.340243 0 
73 35.5049 0.385281 0 
74 33.2722 0.422174 0 
75 36.0379 0.4019 0 
76 36.347 0.555957 0 
77 37.3866 0.549968 0 
78 36.8504 0.59472 0 
79 41.521 0.550131 0 
80 47.9573 0.559792 0 
81 51.1359 0.551851 0 
82 52.7938 0.564772 0 
83 55.4943 0.480269 0 
84 50.1442 0.536217 0 
85 39.6344 0.542852 0 
86 36.2341 0.465656 0 
87 28.0759 0.499686 0 
88 20.5355 0.226186 0 
89 19.5503 0.252748 0 
90 5.71576 0.188239 1 
91 8.61655 0.159612 1 
92 9.94851 0.160267 1 
93 9.31514 0.0982086 1 
94 8.60281 0.101789 1 
95 8.30244 0.103507 1 
96 8.34535 0.102227 1 
97 9.06111 0.102008 1 
98 8.07415 0.102008 1 
99 8.23378 0.101964 1 
100 5.50635 0.103359 1 
101 6.42293 0.0793862 1 
102 53.7143 0.0363213 1 
103 52.8579 0.0245557 1 
104 45.129 0.00372387 1 
105 45.3461 0.00188225 1 
106 35.5124 0.000642503 1 
107 29.5082 0.000874126 1 
108 26.0686 0.00136605 1 
109 18.8028 0.00359831 1 
110 14.7545 0.00151562 1 
111 15.6014 0.00203418 1 
112 27.0449 0.000121369 1 
113 21.6405 0.00231905 1 
114 22.2542 0.000154643 1 
115 14.1723 0.000265836 1 
0 86.4145 0.0628459 0 
1 80.9813 0.0983691 0 
2 79.1202 0.102908 0 
3 72.9303 0.113691 0 
4 68.3221 0.126454 0 
5 63.6838 0.152217 0 
6 57.9465 0.173763 0 
7 53.7114 0.189453 0 
8 49.3753 0.214884 0 
9 46.767 0.249755 0 
10 40.3325 0.171713 0 
11 41.4671 0.162423 0 
12 35.3059 0.164206 0 
13 41.3468 0.0963173 0 
14 31.0313 0.114394 0 
15 31.168 0.00518395 1 
16 27.9254 0.00533098 1 
17 25.6698 0.0536451 0 
18 13.5417 0.00362917 1 
19 11.9094 0.25577 1 
20 5.89321 0.0211951 1 
21 52.9187 0.0953453 0 
22 38.7014 0.122232 0 
23 28.5576 0.184971 0 
24 22.6288 0.223103 0 
25 18.0221 0.233209 0 
26 17.2306 0.274406 0 
27 16.0235 0.150539 0 
28 13.8329 0.155291 0 
29 11.733 0.369162 1 
30 10.0783 0.38464 1 
31 9.26816 0.00208712 1 
32 9.01463 0.00240282 1 
33 46.4714 0.455577 0 
34 44.9971 0.429391 0 
35 42.0496 0.489861 0 
36 36.0942 0.527626 0 
37 32.6951 0.564932 0 
38 33.5461 0.56592 0 
39 28.643 0.742644 0 
40 21.9298 0.43761 0 
41 22.4453 0.486238 0 
42 19.2377 0.524992 0 
43 20.8301 0.0631419 0 
44 19.3653 0.0825836 1 
45 13.5343 0.21702 0 
46 13.2004 0.00101348 1 
47 9.95843 0.000937365 1 
48 14.3149 0.18723 0 
49 16.3083 0.00284091 1 
50 12.8731 0.154677 1 
51 11.793 0.00323125 1 
52 13.2414 0.00324528 1 
53 19.6599 0.0991214 1 
54 23.4453 0.0352551 1 
55 17.7321 0.00207998 1 
56 17.6421 0.0369955 1 
57 14.8583 0.00214155 1 
58 21.0101 0.164486 0 
59 24.9656 0.215446 0 
60 25.8952 0.00287059 1 
61 29.7844 0.283351 0 
62 31.0496 0.314951 0 
63 31.2327 0.286877 0 
64 33.394 0.286495 0 
65 35.701 0.270707 0 
66 35.2139 0.302271 0 
67 37.9188 0.262138 0 
68 35.3777 0.239421 0 
69 37.5966 0.252109 0 
70 42.923 0.255218 0 
71 39.3828 0.228578 0 
72 46.897 0.244697 0 
73 43.8703 0.255421 0 
74 45.2014 0.247526 0 
75 43.7028 0.251671 0 
76 48.0808 0.207483 0 
77 49.5223 0.273235 0 
78 50.108 0.32782 0 
79 50.718 0.242228 0 
80 46.0886 0.305905 0 
81 44.1346 0.370394 0 
82 35.4461 0.334973 0 
83 34.8324 0.500533 0 
84 23.3471 0.67218 0 
85 16.8287 0.901663 0 
86 13.7994 0.670134 0 
0 76.6737 0.124681 0
1 73.2056 0.131959 0 
2 58.027 0.118174 0 
3 62.6748 0.1242 0 
4 61.5678 0.116197 0 
5 51.9046 0.10126 0
6 49.906 0.119713 0 
7 49.5238 0.148969 0 
8 40.4654 0.132873 0 
9 45.1286 0.0988753 0 
10 38.3316 0.0936801 0 
11 24.8165 0.0470956 0 
12 22.976 0.0016996 1 
0 28.7796 0.150608 0 
1 49.2559 0.287631 0 
2 42.1659 0.330612 0 
3 23.5227 0.482018 0 
4 24.3483 0.323007 0 
5 14.6697 0.414515 0 
6 16.6093 0.13802 0 
7 7.87054 0.173808 1 
8 11.2579 0.000348107 1 
0 41.1826 0.106689 0 
1 45.8115 0.104238 0 
2 34.5642 0.164918 0 
3 33.5295 0.219296 0 
4 28.6845 0.205516 0 
5 22.7884 0.267421 0 
6 22.062 0.318875 0 
7 20.7743 0.518207 0 
8 21.22 0.527147 0 
9 17.0134 0.423181 0 
10 17.2389 0.720027 0
11 17.4888 0.28986 0 
12 41.372 0.704247 0 
13 36.5403 0.631691 0 
14 35.7108 0.523982 0 
15 27.5733 0.366838 0 
16 25.3673 0.200659 0 
17 14.4143 0.827731 0 
18 18.3882 0.277519 0 
19 10.0287 0.0915936 0 
20 13.2377 0.0534508 0 
21 10.2446 0.0291344 1 
22 8.43223 0.0485141 1 
23 5.83071 0.0547512 1 
24 30.3249 0.28671 0 
25 18.1774 0.222308 0 
26 7.47041 0.0565441 1 
27 12.0887 0.00226306 1 
28 13.6701 0.00102107 1 
0 63.6791 0.070196 0 
1 59.4608 0.0620019 0 
2 55.389 0.0399101 0 
3 50.0897 0.0293545 0 
4 50.87 0.00331669 1 
5 52.6474 0.0025207 1 
6 52.7898 0.00334138 1 
7 48.3167 0.00333035 1 
0 74.5965 0.461152 0 
1 69.3031 0.430067 0 
2 64.0169 0.41133 0 
3 60.5742 0.455568 0 
4 50.6722 0.395465 0 
5 45.0654 0.285922 0 
6 41.8813 0.240152 0 
7 43.1783 0.197957 0 
8 42.4059 0.210264 0 
9 40.3803 0.239789 0 
10 42.9196 0.242417 0 
11 39.7865 0.166652 0 
12 44.5809 0.178979 0 
13 40.1654 0.172067 0 
14 42.2748 0.0860109 0 
15 32.7225 0.0442351 0 
16 38.2637 0.0528515 0 
17 40.8212 0.110744 0 
18 55.6817 0.337081 0 
19 49.6667 0.343186 0 
20 49.7449 0.400415 0 
21 46.9997 0.213774 0 
22 54.0708 0.157793 0 
23 41.6867 0.0787906 0 
24 42.7216 0.0385681 0 
25 27.891 0.067384 0 
26 24.2442 0.2366 0 
27 6.15934 0.000346068 1 
28 8.21546 0.000207089 1 
29 5.13805 0.000240007 1 
0 62.6124 0.15787 0 
1 58.792 0.199244 0 
2 52.5243 0.149299 0 
3 47.4668 0.313583 0 
4 31.5822 0.131213 0 
5 32.2856 0.0038158 1 
6 21.5564 0.116235 0 
7 13.4627 0.00365854 1 
8 5.28003 0.0030533 1 
0 84.3993 0.263784 0 
1 90.8056 0.266943 0 
2 86.4277 0.259192 0 
3 90.2821 0.238363 0 
4 83.9339 0.271325 0 
5 79.7138 0.286743 0 
6 79.0352 0.177833 0 
7 73.777 0.192478 0 
8 66.2363 0.164161 0 
9 55.6595 0.181047 0 
10 53.5299 0.204622 0 
11 39.2478 0.208059 0 
12 36.7726 0.206932 0 
13 31.7306 0.0917797 0 
14 33.967 0.15359 0 
15 30.6582 0.160119 0 
16 31.1461 0.234414 0 
17 30.7853 0.238192 0 
18 29.7586 0.231238 0 
19 27.0699 0.293939 0 
20 29.1233 0.32575 0 
21 29.8602 0.309677 0 
22 24.9759 0.345426 0 
23 28.2999 0.311851 0 
24 29.1741 0.313443 0 
25 26.7548 0.314182 0 
26 26.5108 0.297105 0 
27 31.385 0.291192 0 
28 25.2198 0.32303 0 
29 28.7878 0.335719 0 
30 23.1207 0.398404 0 
31 25.1639 0.430607 0 
32 17.7942 0.510249 0 
33 15.3799 0.00478112 1 
34 15.7306 0.323454 0 
35 12.554 0.216773 0 
36 7.25475 0.188295 1 
37 4.48241 0.00958679 1 
0 77.3401 0.0977258 0 
1 71.9539 0.0913767 0 
2 68.0913 0.0658742 0 
3 65.245 0.114987 0 
4 64.9501 0.132277 0 
5 64.0778 0.149429 0 
6 58.0276 0.172498 0 
7 55.0705 0.201066 0 
8 48.3322 0.209653 0 
9 47.8409 0.270887 0 
10 41.4948 0.233462 0 
11 38.1821 0.20067 0 
12 33.0139 0.207046 0 
13 35.0586 0.213261 0 
14 28.4302 0.164655 0 
15 34.7733 0.162954 0 
16 22.8607 0.00370877 1 
17 29.3427 0.0383939 0 
18 23.558 0.0291289 1 
0 70.8372 0.418224 0 
1 73.0028 0.336253 0 
2 50.4032 0.170761 0 
3 42.8339 0.214575 0 
4 39.3392 0.194558 0 
5 36.2819 0.121612 0 
6 31.4479 0.183655 0 
7 24.2766 0.351182 0 
8 20.7607 0.196876 0 
9 20.2212 0.327291 0 
10 17.6546 0.642348 0 
11 13.3253 0.420022 0 
12 11.7057 0.494052 0 
13 12.2645 0.251688 0 
14 12.5905 0.248562 0 
15 10.6789 0.261489 0 
16 8.99073 0.100929 0 
17 8.12188 0.00352084 1 
18 8.95966 0.00225976 1 
0 83.8508 0.124577 0 
1 82.663 0.15048 0 
2 83.0651 0.128657 0 
3 73.8085 0.146332 0 
4 62.7022 0.150976 0 
5 49.5457 0.164298 0 
6 41.8355 0.0766688 0 
7 31.5406 0.0884608 0 
8 25.7445 0.11963 0 
9 22.2465 0.155049 0 
10 23.3105 0.181323 0 
11 20.24 0.16978 0 
12 21.0319 0.291768 0 
13 15.8675 0.26843 0 
14 14.4585 0.389975 0 
15 9.55157 0.405591 0
16 4.0151 0.60571 1
17 4.56944 0.406096 1 
0 78.5629 0.0977255 0 
1 66.4438 0.0969622 0 
2 59.3276 0.10709 0 
3 58.8454 0.13756 0 
4 58.2556 0.137406 0 
5 53.7924 0.161734 0 
6 50.7275 0.193406 0 
7 47.5006 0.232119 0 
8 45.9 0.237176 0 
9 44.1678 0.264018 0 
10 40.8936 0.298508 0 
11 34.7714 0.219506 0 
12 32.1627 0.396157 0 
13 25.2262 0.195605 0 
14 21.95 0.309651 0 
15 20.0584 0.12482 0 
16 18.9555 0.027815 0 
17 16.2376 0.0456919 0 
18 14.4091 0.0118994 0 
19 10.3476 0.0160507 1 
20 9.95664 0.0377764 1 
21 5.36415 0.067548 1 
22 2.50623 0.0214739 1 
0 52.5788 0.24626 0 
1 46.8906 0.201176 0 
2 53.0474 0.31367 0 
3 51.9039 0.336337 0 
4 50.5008 0.35615 0 
5 46.098 0.347149 0 
6 45.6865 0.35599 0 
7 40.5406 0.416958 0 
8 31.2903 0.446403 0 
9 19.9208 0.441697 0
10 10.7873 0.37295 1 
11 12.2722 0.271631 1 
12 13.7054 0.0011376 1 
13 15.1593 0.0645935 1 
14 17.2506 0.0650127 1 
15 20.4582 0.00867655 1 
0 51.2125 0.0903328 0 
1 45.8539 0.0822744 0 
2 27.0299 0.0876282 0 
3 14.2462 0.101529 0 
4 16.2404 0.0817754 0 
5 17.4116 0.0944612 0 
6 11.3235 0.119885 0 
7 9.73079 0.154313 1 
8 10.0082 0.25283 1 
0 77.0246 0.02415 1 
1 71.264 0.022924 1 
2 59.7258 0.01674 1 
3 45.3658 0.0104734 1 
4 40.372 0.015349 1 
5 36.5533 0.0168787 1 
6 27.3148 0.015085 1 
7 6.72475 0.369935 1 
8 8.34428 0.085875 1
8 5.25252 0.349764 1 
0 6.20645 0.0154111 1 
1 25.9462 0.00139121 1 
2 26.6704 0.0014098 1 
3 20.0174 0.00232218 1 
4 16.3569 0.00197762 1 
5 11.7106 0.00214251 1 
6 6.90603 0.00175535 1 
7 65.5229 0.13372 0 
8 72.8001 0.232205 0 
9 56.7959 0.195935 0 
10 52.7887 0.229638 0 
11 41.7076 0.0877271 0 
12 33.3497 0.00311291 1 
13 30.0268 0.00444783 1 
14 27.9683 0.00444137 1 
15 17.1737 0.00504152 1 
16 13.0788 0.00298133 1 
17 13.27609 0.000288144 1 
18 5.95998 0.22614 1 
