0 0.458358 
1 0.434883 
2 0.499439 
3 0.475958 
4 0.498577 
5 0.54324 
6 0.513687 
7 0.461409 
8 0.521566 
9 0.556012 
10 0.572348 
11 0.61474 
12 0.628661 
13 0.547256 
14 0.207078 
15 0.213824 
16 0.301806 
17 0.433736 
18 0.493678 
19 0.594027 
20 0.609377 
21 0.623404 
22 0.552652 
23 0.547238 
24 0.508201 
25 0.452845 
26 0.501314 
27 0.494582 
28 0.46271 
29 0.322923 
30 0.307072 
31 0.455616 
32 0.271634 
33 0.52548 
34 0.00670398 
35 0.0329901 
36 0.0894033 
37 0.350094 
38 0.525748 
39 0.314368 
40 0.524674 
41 0.615472 
42 0.617893 
43 0.62143 
44 0.620541 
45 0.621198 
46 0.40424 
47 0.554425 
48 0.620431 
49 0.623447 
50 0.623932 
51 0.612138 
52 0.621187 
53 0.650935 
54 0.652316 
55 0.685888 
56 0.693489 
57 0.693057 
58 0.677 
59 0.0015331 
60 0.00589134 
61 0.0151405 
62 0.0107746 
63 0.0687349 
64 0.249823 
65 0.353993 
66 0.411665 
67 0.397444 
68 0.367966 
69 0.341029 
70 0.479448 
71 0.433771 
72 0.46989 
73 0.576089 
74 0.616193 
75 0.611316 
76 0.54845 
77 0.0901756 
78 0.126148 
79 0.0705273 
80 0.356145 
81 0.423371 
82 0.584945 
83 0.628152 
84 0.603948 
85 0.506136 
86 0.622786 
87 0.622955 
88 0.622737 
89 0.385347 
90 0.301805 
91 0.448145 
92 0.184402 
93 0.553031 
94 0.638498 
95 0.590001 
96 0.623642 
97 0.622704 
98 0.0491671 
99 0.0328073 
100 0.0490093 
101 0.0656023 
102 0.0429631 
103 0.0399476 
104 0.256775 
105 0.234144 
106 0.352361 
107 0.363281 
108 0.325632 
109 0.424495 
110 0.444146 
111 0.584125 
112 0.522995 
113 0.531385 
114 0.454536 
115 0.453415 
116 0.468951 
117 0.430935 
118 0.374372 
119 0.383543 
120 0.405748 
121 0.399123 
122 0.387303 
123 0.414436 
124 0.433761 
125 0.387756 
126 0.423646 
127 0.367569 
128 0.382982 
129 0.321591 
130 0.387272 
131 0.62405 
132 0.52452 
133 0.585129 
134 0.6094 
135 0.622607 
136 0.559572 
137 0.570648 
138 0.633622 
139 0.497592 
140 0.449001 
141 0.402912 
142 0.369933 
143 0.322533 
144 0.353592 
145 0.247653 
146 0.367985 
147 0.442549 
148 0.470678 
149 0.448626 
150 0.537626 
151 0.509327 
152 0.628067 
153 0.618646 
154 0.621135 
155 0.00621523 
156 0.024705 
157 0.415134 
158 0.387189 
159 0.443161 
160 0.54778 
161 0.505261 
162 0.409336 
163 0.553403 
164 0.476556 
165 0.305597 
166 0.509499 
167 0.507178 
168 0.57703 
169 0.576092 
170 0.583439 
171 0.615592 
172 0.622838 
173 0.622962 
174 0.460072 
175 0.348825 
176 0.441743 
177 0.383346 
178 0.403643 
179 0.432269 
180 0.587263 
181 0.586841 
182 0.578154 
183 0.569322 
184 0.549809 
185 0.569592 
186 0.492875 
187 0.548238 
188 0.507668 
189 0.560275 
190 0.635076 
191 0.610373 
192 0.562247 
193 0.547772 
194 0.52335 
195 0.451414 
196 0.453616 
197 0.416164 
198 0.36805 
199 0.318766 
200 0.323488 
201 0.293975 
202 0.273673 
203 0.443068 
204 0.253515 
205 0.530271 
206 0.47093 
207 0.589967 
208 0.620947 
209 0.61782 
210 0.623004 
211 0.622332 
212 0.62083 
213 0.620884 
214 0.622566 
215 0.249678 
216 0.379835 
217 0.136347 
218 0.116768 
219 0.105249 
220 0.152354 
221 0.145419 
222 0.129008 
223 0.211134 
224 0.397514 
225 0.554875 
226 0.571292 
227 0.623932 
228 0.614852 
229 0.613176 
230 0.625432 
231 0.563032 
232 0.578237 
233 0.593856 
234 0.608415 
235 0.610199 
236 0.605411 
237 0.60969 
238 0.607458 
239 0.588906 
240 0.77517 
241 0.74616 
242 0.702538 
243 0.660984 
244 0.645117 
245 0.637401 
246 0.627901 
247 0.59309 
248 0.617712 
249 0.605792 
250 0.622452 
251 0.631454 
252 0.632213 
253 0.626474 
254 0.624736 
255 0.623379 
256 0.622802 
257 0.443543 
258 0.141983 
259 0.322424 
260 0.280061 
261 0.574622 
262 0.640533 
263 0.63504 
264 0.632567 
265 0.624635 
266 0.623609 
267 0.623885 
268 0.609919 
0 0.458358 
1 0.434883 
2 0.499439 
3 0.475958 
4 0.498577 
5 0.54324 
6 0.513687 
7 0.461409 
8 0.521566 
9 0.556012 
10 0.572348 
11 0.61474 
12 0.628661 
13 0.547256 
14 0.207078 
15 0.213824 
16 0.301806 
17 0.433736 
18 0.493678 
19 0.594027 
20 0.609377 
21 0.623404 
22 0.552652 
23 0.547238 
24 0.508201 
25 0.452845 
26 0.501314 
27 0.494582 
28 0.46271 
29 0.322923 
30 0.307072 
31 0.455616 
32 0.271634 
33 0.52548 
34 0.00670398 
35 0.0329901 
36 0.0894033 
37 0.350094 
38 0.525748 
39 0.314368 
40 0.524674 
41 0.615472 
42 0.617893 
43 0.62143 
44 0.620541 
45 0.621198 
46 0.40424 
47 0.554425 
48 0.620431 
49 0.623447 
50 0.623932 
51 0.612138 
52 0.621187 
53 0.650935 
54 0.652316 
55 0.685888 
56 0.693489 
57 0.693057 
58 0.677 
59 0.0015331 
60 0.00589134 
61 0.0151405 
62 0.0107746 
63 0.0687349 
64 0.249823 
65 0.353993 
66 0.411665 
67 0.397444 
68 0.367966 
69 0.341029 
70 0.479448 
71 0.433771 
72 0.46989 
73 0.576089 
74 0.616193 
75 0.611316 
76 0.54845 
77 0.0901756 
78 0.126148 
79 0.0705273 
80 0.356145 
81 0.423371 
82 0.584945 
83 0.628152 
84 0.603948 
85 0.506136 
86 0.622786 
87 0.622955 
88 0.622737 
89 0.385347 
90 0.301805 
91 0.448145 
92 0.184402 
93 0.553031 
94 0.638498 
95 0.590001 
96 0.623642 
97 0.622704 
98 0.0491671 
99 0.0328073 
100 0.0490093 
101 0.0656023 
102 0.0429631 
103 0.0399476 
104 0.256775 
105 0.234144 
106 0.352361 
107 0.363281 
108 0.325632 
109 0.424495 
110 0.444146 
111 0.584125 
112 0.522995 
113 0.531385 
114 0.454536 
115 0.453415 
116 0.468951 
117 0.430935 
118 0.374372 
119 0.383543 
120 0.405748 
121 0.399123 
122 0.387303 
123 0.414436 
124 0.433761 
125 0.387756 
126 0.423646 
127 0.367569 
128 0.382982 
129 0.321591 
130 0.387272 
131 0.62405 
132 0.52452 
133 0.585129 
134 0.6094 
135 0.622607 
136 0.559572 
137 0.570648 
138 0.633622 
139 0.497592 
140 0.449001 
141 0.402912 
142 0.369933 
143 0.322533 
144 0.353592 
145 0.247653 
146 0.367985 
147 0.442549 
148 0.470678 
149 0.448626 
150 0.537626 
151 0.509327 
152 0.628067 
153 0.618646 
154 0.621135 
155 0.00621523 
156 0.024705 
157 0.415134 
158 0.387189 
159 0.443161 
160 0.54778 
161 0.505261 
162 0.409336 
163 0.553403 
164 0.476556 
165 0.305597 
166 0.509499 
167 0.507178 
168 0.57703 
169 0.576092 
170 0.583439 
171 0.615592 
172 0.622838 
173 0.622962 
174 0.460072 
175 0.348825 
176 0.441743 
177 0.383346 
178 0.403643 
179 0.432269 
180 0.587263 
181 0.586841 
182 0.578154 
183 0.569322 
184 0.549809 
185 0.569592 
186 0.492875 
187 0.548238 
188 0.507668 
189 0.560275 
190 0.635076 
191 0.610373 
192 0.562247 
193 0.547772 
194 0.52335 
195 0.451414 
196 0.453616 
197 0.416164 
198 0.36805 
199 0.318766 
200 0.323488 
201 0.293975 
202 0.273673 
203 0.443068 
204 0.253515 
205 0.530271 
206 0.47093 
207 0.589967 
208 0.620947 
209 0.61782 
210 0.623004 
211 0.622332 
212 0.62083 
213 0.620884 
214 0.622566 
215 0.249678 
216 0.379835 
217 0.136347 
218 0.116768 
219 0.105249 
220 0.152354 
221 0.145419 
222 0.129008 
223 0.211134 
224 0.397514 
225 0.554875 
226 0.571292 
227 0.623932 
228 0.614852 
229 0.613176 
230 0.625432 
231 0.563032 
232 0.578237 
233 0.593856 
234 0.608415 
235 0.610199 
236 0.605411 
237 0.60969 
238 0.607458 
239 0.588906 
240 0.77517 
241 0.74616 
242 0.702538 
243 0.660984 
244 0.645117 
245 0.637401 
246 0.627901 
247 0.59309 
248 0.617712 
249 0.605792 
250 0.622452 
251 0.631454 
252 0.632213 
253 0.626474 
254 0.624736 
255 0.623379 
256 0.622802 
257 0.443543 
258 0.141983 
259 0.322424 
260 0.280061 
261 0.574622 
262 0.640533 
263 0.63504 
264 0.632567 
265 0.624635 
266 0.623609 
267 0.623885 
268 0.609919 
0 0.371652 
1 0.358299 
2 0.462996 
3 0.428124 
4 0.4546 
5 0.521043 
6 0.492589 
7 0.438562 
8 0.513642 
9 0.544342 
10 0.568998 
11 0.622086 
12 0.637976 
13 0.551146 
14 0.190775 
15 0.208554 
16 0.321866 
17 0.44658 
18 0.510868 
19 0.603956 
20 0.620712 
21 0.633924 
22 0.54533 
23 0.534102 
24 0.506638 
25 0.453048 
26 0.506101 
27 0.505755 
28 0.476514 
29 0.344726 
30 0.328981 
31 0.474098 
32 0.290235 
33 0.539271 
34 0.00808292 
35 0.0381251 
36 0.0970926 
37 0.362785 
38 0.532984 
39 0.320107 
40 0.537864 
41 0.626044 
42 0.627957 
43 0.631842 
44 0.631069 
45 0.631858 
46 0.410437 
47 0.5658 
48 0.63103 
49 0.63391 
50 0.634321 
51 0.57526 
52 0.594318 
53 0.635519 
54 0.64484 
55 0.682732 
56 0.689159 
57 0.688443 
58 0.675662 
59 0.000968149 
60 0.0041199 
61 0.011608 
62 0.00889076 
63 0.063237 
64 0.237884 
65 0.343621 
66 0.398341 
67 0.385448 
68 0.359742 
69 0.329241 
70 0.471372 
71 0.418294 
72 0.461201 
73 0.569136 
74 0.620098 
75 0.611004 
76 0.541293 
77 0.0774411 
78 0.115966 
79 0.0656339 
80 0.337023 
81 0.391489 
82 0.579281 
83 0.625787 
84 0.60942 
85 0.515255 
86 0.633436 
87 0.633572 
88 0.633399 
89 0.335571 
90 0.262551 
91 0.419709 
92 0.172528 
93 0.554687 
94 0.645322 
95 0.597991 
96 0.63401 
97 0.633359 
98 0.0263836 
99 0.0150329 
100 0.0252657 
101 0.0320066 
102 0.0230772 
103 0.023175 
104 0.179287 
105 0.171747 
106 0.295047 
107 0.328188 
108 0.295453 
109 0.417112 
110 0.440112 
111 0.586523 
112 0.522147 
113 0.533737 
114 0.457794 
115 0.457171 
116 0.473494 
117 0.440449 
118 0.383636 
119 0.391299 
120 0.419312 
121 0.408455 
122 0.395909 
123 0.42518 
124 0.443868 
125 0.393052 
126 0.435941 
127 0.377644 
128 0.400086 
129 0.338947 
130 0.408305 
131 0.634256 
132 0.539492 
133 0.597192 
134 0.620791 
135 0.633264 
136 0.477559 
137 0.506915 
138 0.589505 
139 0.444965 
140 0.394629 
141 0.349765 
142 0.330048 
143 0.289557 
144 0.332184 
145 0.231123 
146 0.357935 
147 0.43656 
148 0.471196 
149 0.446872 
150 0.541895 
151 0.507542 
152 0.637326 
153 0.624514 
154 0.629382 
155 0.00420179 
156 0.0160105 
157 0.389806 
158 0.37462 
159 0.435529 
160 0.545188 
161 0.507055 
162 0.423607 
163 0.563103 
164 0.491355 
165 0.326748 
166 0.525922 
167 0.522174 
168 0.589791 
169 0.588812 
170 0.596152 
171 0.626307 
172 0.633441 
173 0.633549 
174 0.348931 
175 0.248189 
176 0.333601 
177 0.305758 
178 0.353649 
179 0.408671 
180 0.581639 
181 0.58948 
182 0.584063 
183 0.577411 
184 0.557844 
185 0.578863 
186 0.505871 
187 0.561468 
188 0.524186 
189 0.573392 
190 0.626909 
191 0.617841 
192 0.476356 
193 0.496434 
194 0.486 
195 0.410851 
196 0.414357 
197 0.384687 
198 0.342153 
199 0.299701 
200 0.307076 
201 0.281594 
202 0.267731 
203 0.4418 
204 0.26295 
205 0.537471 
206 0.484356 
207 0.598621 
208 0.63028 
209 0.627441 
210 0.633195 
211 0.632787 
212 0.631249 
213 0.631589 
214 0.633241 
215 0.224904 
216 0.360577 
217 0.120825 
218 0.104806 
219 0.0961152 
220 0.144786 
221 0.138909 
222 0.130314 
223 0.223226 
224 0.417133 
225 0.568979 
226 0.58446 
227 0.634317 
228 0.624602 
229 0.622496 
230 0.634935 
231 0.543589 
232 0.567423 
233 0.599323 
234 0.618478 
235 0.619743 
236 0.614708 
237 0.620363 
238 0.618627 
239 0.601365 
240 0.738193 
241 0.716569 
242 0.688329 
243 0.660485 
244 0.647121 
245 0.641331 
246 0.635621 
247 0.603905 
248 0.628376 
249 0.615642 
250 0.633073 
251 0.6402 
252 0.640795 
253 0.636225 
254 0.634905 
255 0.633862 
256 0.633438 
257 0.387604 
258 0.0997401 
259 0.286142 
260 0.253145 
261 0.568151 
262 0.647036 
263 0.642549 
264 0.640662 
265 0.634662 
266 0.634009 
267 0.634307 
268 0.621212 
