0 0.489512 
1 0.489696 
2 0.494718 
3 0.493259 
4 0.494141 
5 0.496803 
6 0.496137 
7 0.494684 
8 0.497156 
9 0.497797 
10 0.4987 
11 0.500363 
12 0.500874 
13 0.498462 
14 0.486812 
15 0.488299 
16 0.494003 
17 0.496423 
18 0.498829 
19 0.499964 
20 0.50057 
21 0.500747 
22 0.497973 
23 0.497486 
24 0.497192 
25 0.495932 
26 0.497408 
27 0.497727 
28 0.497228 
29 0.495038 
30 0.494636 
31 0.497901 
32 0.495336 
33 0.498772 
34 0.466899 
35 0.477779 
36 0.483839 
37 0.494304 
38 0.498153 
39 0.497509 
40 0.498666 
41 0.500534 
42 0.500553 
43 0.500669 
44 0.500651 
45 0.500687 
46 0.495133 
47 0.499168 
48 0.500657 
49 0.500746 
50 0.500762 
51 0.497429 
52 0.498386 
53 0.499952 
54 0.500543 
55 0.501763 
56 0.501892 
57 0.501859 
58 0.501639 
59 0.443757 
60 0.455608 
61 0.464197 
62 0.463148 
63 0.478514 
64 0.489057 
65 0.492595 
66 0.493997 
67 0.493701 
68 0.493146 
69 0.49211 
70 0.496089 
71 0.494445 
72 0.49581 
73 0.49859 
74 0.500248 
75 0.499891 
76 0.497876 
77 0.479152 
78 0.482966 
79 0.47892 
80 0.492018 
81 0.493024 
82 0.498892 
83 0.500226 
84 0.499982 
85 0.497827 
86 0.500729 
87 0.500734 
88 0.500728 
89 0.490477 
90 0.488493 
91 0.493948 
92 0.486226 
93 0.498481 
94 0.501046 
95 0.499739 
96 0.500749 
97 0.500726 
98 0.464856 
99 0.458458 
100 0.463898 
101 0.464461 
102 0.463981 
103 0.465239 
104 0.48167 
105 0.482379 
106 0.488676 
107 0.490998 
108 0.49017 
109 0.494726 
110 0.495445 
111 0.499309 
112 0.497598 
113 0.497987 
114 0.496173 
115 0.496179 
116 0.496611 
117 0.496056 
118 0.494619 
119 0.494729 
120 0.495806 
121 0.495253 
122 0.494894 
123 0.495755 
124 0.496174 
125 0.494645 
126 0.496123 
127 0.494514 
128 0.495652 
129 0.494092 
130 0.496819 
131 0.500758 
132 0.498976 
133 0.500031 
134 0.500624 
135 0.500722 
136 0.492633 
137 0.494385 
138 0.497372 
139 0.493456 
140 0.492006 
141 0.490744 
142 0.490816 
143 0.489824 
144 0.491769 
145 0.488537 
146 0.493018 
147 0.495281 
148 0.496393 
149 0.495702 
150 0.49825 
151 0.497207 
152 0.500851 
153 0.500413 
154 0.500589 
155 0.455324 
156 0.464307 
157 0.493268 
158 0.49338 
159 0.495193 
160 0.498118 
161 0.497317 
162 0.49597 
163 0.498987 
164 0.497689 
165 0.495694 
166 0.499278 
167 0.499786 
168 0.499976 
169 0.499933 
170 0.500206 
171 0.500559 
172 0.500728 
173 0.500732 
174 0.48728 
175 0.483913 
176 0.486947 
177 0.487856 
178 0.491031 
179 0.493858 
180 0.498955 
181 0.499392 
182 0.499333 
183 0.499245 
184 0.498778 
185 0.499334 
186 0.497869 
187 0.499267 
188 0.499007 
189 0.500467 
190 0.503779 
191 0.501745 
192 0.492372 
193 0.49481 
194 0.495254 
195 0.493152 
196 0.49331 
197 0.492852 
198 0.491867 
199 0.490856 
200 0.491218 
201 0.490584 
202 0.490448 
203 0.495594 
204 0.491226 
205 0.498258 
206 0.497385 
207 0.499777 
208 0.500622 
209 0.500535 
210 0.500718 
211 0.500702 
212 0.500652 
213 0.500692 
214 0.500729 
215 0.487807 
216 0.492703 
217 0.482808 
218 0.481915 
219 0.481489 
220 0.485067 
221 0.484814 
222 0.485046 
223 0.490147 
224 0.49648 
225 0.500109 
226 0.499925 
227 0.500761 
228 0.500457 
229 0.500394 
230 0.500776 
231 0.497477 
232 0.498411 
233 0.499712 
234 0.500317 
235 0.500327 
236 0.500193 
237 0.500409 
238 0.500444 
239 0.500314 
240 0.501219 
241 0.50122 
242 0.50139 
243 0.501245 
244 0.500958 
245 0.500852 
246 0.500773 
247 0.501077 
248 0.500602 
249 0.501289 
250 0.500713 
251 0.500934 
252 0.500949 
253 0.500822 
254 0.500781 
255 0.500744 
256 0.500728 
257 0.491724 
258 0.478053 
259 0.48953 
260 0.488819 
261 0.49858 
262 0.501089 
263 0.50098 
264 0.500935 
265 0.500771 
266 0.50075 
267 0.500761 
268 0.500789 
